Hero Stats
390.656 536.194 21 422.656 568.194 40 5 0.5 10 200 5 1 30.8928 0.172605 30.8928 1
Enemy Stats
14 0.271452
330.654 1130.5 10 346.654 1146.5 FlySpookmoth 2 10 0 5 2 3 1.99612
66.5331 284.611 10 82.5331 300.611 FlySpookmoth 2 10 0 5 2 3 1.2776
708.644 769.577 10 724.644 785.577 Slime 0 5 50 1 0 2 0
319.294 938.009 10 335.294 954.009 Slime 0 5 50 1 0 3 0
805.671 801.521 10 821.671 817.521 Slime 0 5 50 1 0 2 0
772.479 462.999 10 788.479 478.999 Slime 0 5 50 1 0 2 0
610.894 589.039 10 626.894 605.039 Bug 1 7 100 2 0 2 0
130.659 604.995 10 146.659 620.995 Pebblin 3 15 10 5 0 3 0
505.963 365.531 10 521.963 381.531 Pebblin 3 10 10 5 0 2 0
837.325 256.579 10 853.325 272.579 Pebblin 3 15 10 5 0 2 0
0 380.332 10 16 396.332 FlySpookmoth 2 10 0 5 2 3 0.309911
30.9638 495.623 10 46.9638 511.623 Pebblin 3 15 10 5 0 3 0
73.2943 437.534 10 89.2943 453.534 Bug 1 7 100 2 0 3 0
22.9235 970.099 10 38.9235 986.099 Pebblin 3 15 10 5 0 3 0
Enemy Stats
4294967242 0
33.5371 403.643 4 37.5371 407.643 Red 1 1 9 4 5 0 00
431.129 882.139 4 435.129 886.139 Red 1 1 5 4 5 0 00
574.84 393.736 4 578.84 397.736 Blue 0 0 10 250 5 0 0.131608-0.991302
379.919 1017.03 4 383.919 1021.03 Red 1 1 7 4 5 0 00
968.543 733.413 4 972.543 737.413 Blue 0 0 10 250 5 0 0.9944380.105325
470.129 771.692 4 474.129 775.692 Red 1 1 3 4 5 0 00
